angle_wp1	angle_wp2	cts_h	cts_v	qber
-180	-180	186941.19521775082	67722.84308224393	0.7340698610831488
-180	-170	207947.37478291758	61542.65833859594	0.7716328963051251
-180	-160	187054.6135257759	89141.50858100998	0.6772528596670697
-180	-150	137007.81541511224	138101.35636166227	0.498012532734755
-180	-140	88380.69637071349	187038.36708895423	0.32089534856637086
-180	-130	63018.6392279949	217273.79340427805	0.22483175387996157
-180	-120	74774.12668847622	213584.46395695224	0.25930951639453664
-180	-110	118842.39917923982	177631.4924823888	0.4008528323123877
-180	-100	180808.79164914862	121480.10497687619	0.598132427843803
-180	-90	235649.49570223392	81714.83560914088	0.7425204172394275
-180	-80	253726.35690789472	69894.89103618421	0.7840225526592682
-180	-70	229291.72087735898	95786.34046614624	0.7053435717246689
-180	-60	187414.02143561104	154382.85356438896	0.5483198798573305
-180	-50	153273.43626654518	267033.47409918474	0.36467027423644865
-180	-40	109092.45985860741	300819.8039380403	0.2661361210523011
-180	-30	125273.58510680172	295348.1408923323	0.2978295636280558
-180	-20	183528.54092663043	221611.01790570823	0.45300079176563735
-180	-10	272870.83542430645	150330.34266117407	0.6447780619580187
-180	0	347513.05733609333	95596.39393541026	0.7842600881992109
-180	10	282225.1272832249	64334.87338927672	0.8143615152803713
-180	20	236863.29460997105	81971.13013022888	0.7429037651846331
-180	30	178073.44897079526	128894.73583500148	0.5801039253740689
-180	40	117292.7874161771	176086.6950192007	0.39979887633080474
-180	50	73712.17720892325	185525.08391710243	0.2843425242526721
-180	60	71502.58503263348	158986.36902932764	0.31022130897176015
-180	70	107710.98552261743	122980.99781969108	0.46690389480414785
-180	80	154166.02620798044	82538.2569605187	0.6513022246337494
-180	90	192136.52752121052	55724.796103323235	0.7751775255273934
-180	100	195464.82765068943	47008.986587642445	0.8061275740833752
-180	110	170966.97496836196	63970.29858385792	0.7277132844157267
-180	120	119604.05146344982	96363.54486447838	0.5538055407249214
-180	130	74696.2539860647	133539.844893507	0.3587094379311412
-180	140	45949.61668484546	146338.07542446384	0.23896285914505955
-180	150	52141.05456219441	140648.69848377368	0.2704555285661997
-180	160	79531.2397634958	116644.96527777777	0.4054071682483776
-180	170	124551.43609249333	83910.02628552039	0.5974794317936709
-180	180	160625.90276504037	56845.026562991305	0.7386086189145463
-170	-180	132190.13115284973	78176.88988645977	0.6283785856726491
-170	-170	133591.96002975877	83409.78426537976	0.6156262036680396
-170	-160	124537.90979878395	98519.84771252646	0.5583213567116988
-170	-150	114126.29256633804	121968.15332924356	0.48339253443011154
-170	-140	102844.86727576081	142919.87446568607	0.4184687622277292
-170	-130	102151.13896462339	156627.47275322519	0.3947433610780816
-170	-120	114354.8659123253	151003.28667718777	0.4309453649582145
-170	-110	135470.0841107787	131200.98805618522	0.5080044228642853
-170	-100	156283.88262498626	110225.86133198818	0.5864096385542168
-170	-90	164017.94747976452	91498.19859994219	0.641908349026993
-170	-80	177930.34646887382	97378.89409452402	0.6462926783886873
-170	-70	153638.7156262003	101968.62863394155	0.6010731658392258
-170	-60	134225.91437336625	120088.09285466139	0.5277959945517833
-170	-50	111314.31419549446	128173.5072419957	0.46480156497038877
-170	-40	103399.90442394678	125254.81126400358	0.4522098051328129
-170	-30	112794.53071739472	117506.03892443232	0.4897709584167223
-170	-20	150592.3130815023	119163.5709334262	0.5582540437678402
-170	-10	176149.3411307926	101940.6536864791	0.6334256694367497
-170	0	195744.70944854486	90475.41705518491	0.6838956849038849
-170	10	190621.19554488023	89436.8275368518	0.680648936414328
-170	20	176004.90682217176	100102.6301901317	0.6374505698999767
-170	30	149686.57723141476	118627.91298929343	0.5578773517162143
-170	40	121769.0467634163	122660.02415458938	0.4981774316209058
-170	50	106950.13044762405	121301.16377330008	0.468563084440201
-170	60	96100.90407876784	98515.91813274033	0.4937954642704322
-170	70	109305.12469486587	80538.59454564544	0.5757637130801688
-170	80	166581.5359815604	91013.28223642676	0.6466804617187306
-170	90	198783.31603474144	92346.18153186489	0.6828003266459203
-170	100	246163.66163254515	115723.73029814863	0.680221712945691
-170	110	243156.65377548602	145190.42068384174	0.6261323176285502
-170	120	184258.74577393482	155903.3898505737	0.5416791773007057
-170	130	93228.10363621796	113010.74614658148	0.45203948593779103
-170	140	88489.2561753373	125646.41687552781	0.4132392091172863
-170	150	96097.88023868392	127273.96238310086	0.4302148342009146
-170	160	113336.85509834552	112148.43373048326	0.5026352525569072
-170	170	131770.62844217152	101914.14445646474	0.5638819629010603
-170	180	149228.33337701825	95289.84186608827	0.6102954646567742
-160	-180	127720.79812512854	141922.68406123095	0.4736654381167519
-160	-170	139914.6699149866	139702.61957480127	0.5003791795932437
-160	-160	183060.5710940784	157577.94438314417	0.5374042064433524
-160	-150	197142.6778835205	147130.96996607576	0.572633656728925
-160	-140	208360.37222992	147924.84805798082	0.584813403322068
-160	-130	194798.79291618447	148652.44469308754	0.5671803493041935
-160	-120	162987.2835446784	142757.47776665806	0.5330828330324531
-160	-110	133206.94681580082	137179.53787761333	0.4926538653248202
-160	-100	140950.28783981403	150545.4050728695	0.4835415797448341
-160	-90	137502.86998163213	143383.76984387301	0.4895315422159376
-160	-80	156391.41590371987	141810.87063025593	0.524447406897738
-160	-70	187557.3541600884	141895.01434059572	0.5693003665860696
-160	-60	217418.98209510976	141618.53902744985	0.605560614989018
-160	-50	223968.86540499405	135032.99073521435	0.6238654802874414
-160	-40	214012.45706094493	138324.57666533222	0.6074083521609212
-160	-30	186049.32464556224	136113.1757826839	0.5775014919435052
-160	-20	170653.37307192033	146166.1761614463	0.5386453376531335
-160	-10	158595.0349506579	146439.40172697368	0.5199250179030288
-160	0	158892.80430656264	145846.82828591322	0.521405118706853
-160	10	178413.11486558086	141568.39201778756	0.5575732066622572
-160	20	181603.49939859606	122660.83036465454	0.5968609581672046
-160	30	212105.37683362293	122420.3214855496	0.6340480803099683
-160	40	231769.30390921215	128347.54258657398	0.6435947281125717
-160	50	207052.07704076273	124321.01795188317	0.6248306823019467
-160	60	193598.40875121183	131198.81564207195	0.596059307812284
-160	70	193534.2648163276	146582.16506798778	0.5690235690235691
-160	80	181629.94988956215	151351.87672862646	0.5454650535562918
-160	90	177899.33541721365	150118.4108750632	0.5423466791906383
-160	100	193133.64830300974	147357.71585557703	0.5672204015519644
-160	110	203995.74153215584	138747.67021170017	0.5951850117096018
-160	120	213988.4224910349	129228.9808273201	0.6234777736271947
-160	130	216035.48468686154	128637.77077112473	0.6267834282639753
-160	140	207182.40258173732	138998.5574649558	0.5984800624326434
-160	150	191991.46943933825	157050.12473739497	0.5500532676977333
-160	160	182060.95156916435	183340.08337831078	0.498249687758369
-160	170	179537.63748419227	198648.71523969175	0.4747332530406609
-160	180	182589.71479228995	193647.99219611086	0.485304134595736
-150	-180	121533.89554168569	213008.67306545103	0.3632837998694467
-150	-170	198387.66928045117	203662.45421546503	0.49344014013831355
-150	-160	277425.9008330435	160048.95922202544	0.6341527849123064
-150	-150	304174.678907975	109607.87180632951	0.7351075543975558
-150	-140	316354.8699103837	104858.94602528212	0.751055302418433
-150	-130	296680.9313899517	143509.94011194495	0.6739824712350342
-150	-120	226917.27997253838	193789.8628411139	0.5393711132521678
-150	-110	176279.09862282375	271709.39711372374	0.3934902353530295
-150	-100	145771.48078488524	295645.94985820074	0.3302349899787957
-150	-90	165512.7559238902	277335.6342375868	0.37374586788841846
-150	-80	235246.73595587382	227387.8564787693	0.5084936141888425
-150	-70	324449.33300379256	167110.58396391454	0.6600402551233794
-150	-60	382825.11933996953	120313.3515489573	0.7608742751545275
-150	-50	369089.08198499435	107038.13994180906	0.7751900437268752
-150	-40	317756.23100899265	134631.47554534877	0.7023980236536851
-150	-30	237312.77655791372	177351.89394090173	0.5723004476664033
-150	-20	161902.02970849077	212367.49580184717	0.4325813849998289
-150	-10	131673.80232726413	230496.60333236857	0.3635686413621852
-150	0	148558.17621440976	214138.60619177937	0.40959331160549806
-150	10	209948.84236908203	172179.5563859117	0.5494196271544144
-150	20	279245.6312800791	125377.16140908508	0.6901381640519662
-150	30	334686.8058997209	93535.85687475676	0.7815719133855903
-150	40	332048.35614037776	85403.46293145606	0.7954171977946033
-150	50	288185.58663786587	105807.70312118935	0.7314479564210457
-150	60	215235.82312864804	140871.59268680654	0.6044126394722138
-150	70	156133.16914156787	179678.68644401303	0.46494239719233993
-150	80	124121.25037062216	201880.4867390199	0.38073800302750305
-150	90	139644.1967864517	187445.23282010527	0.4269297144650141
-150	100	196936.85374842337	158900.54500275909	0.5534461932320118
-150	110	269664.2424944769	119264.31983456945	0.6933516039028578
-150	120	317261.5093031541	88201.57189159104	0.7824670704131812
-150	130	318580.9385180223	89705.51653136822	0.7802877969083825
-150	140	273196.56855341076	115679.6764823047	0.7025283031323234
-150	150	198006.94289483354	159737.39359642443	0.5534872888188186
-150	160	139756.74897159866	209973.1978858645	0.3996133308782913
-150	170	118877.24874090285	247224.2490738055	0.3247111783221087
-150	180	143478.5010448428	247548.22335650824	0.36692760901317834
-140	-180	138023.92196206967	253240.14217407754	0.3527641166504926
-140	-170	259406.62710423343	177870.40334970324	0.5932317707951497
-140	-160	382848.8726211393	99405.1602137476	0.7938738643005154
-140	-150	447155.2049659229	58916.19616294634	0.8835812574440587
-140	-140	425799.44293774967	80803.46120044075	0.8404994117870289
-140	-130	284550.29927697865	141153.71892791678	0.6684228644983611
-140	-120	127051.85834099265	172924.39436712186	0.42353972087456454
-140	-110	56124.804966869575	201755.12117353402	0.21763929363122367
-140	-100	49558.51515590435	230503.6749940746	0.1769553938336509
-140	-90	82394.40548097697	151711.45704339465	0.3519536187283618
-140	-80	186310.46909934134	127772.18884071545	0.5931892907468296
-140	-70	261817.4507975978	63083.97913419133	0.8058365604994863
-140	-60	224216.2469059939	25555.968276622516	0.8976829017673653
-140	-50	193311.70230192374	30519.869591903363	0.8636480576279907
-140	-40	145502.36258818573	58355.18782247025	0.7137452711223203
-140	-30	85020.3589721065	92006.83691304085	0.4802672185310242
-140	-20	36581.93778921491	104379.52103709838	0.25951730418943536
-140	-10	28202.141869614334	104130.49198389555	0.2131155486622722
-140	0	52071.3463620606	77503.4798935183	0.4018631385957089
-140	10	87268.32591165017	43627.73955483056	0.6666993816861321
-140	20	121021.1770404452	21667.490977569243	0.8481484810354126
-140	30	134579.651309301	12833.302646138232	0.9129431823880447
-140	40	116901.81856930329	15190.486515219338	0.8850009733307377
-140	50	76549.63442900668	23924.165358906343	0.7618865275384518
-140	60	43417.621409028725	37682.12792999579	0.5353607349330799
-140	70	21361.983551246973	48016.292552351886	0.30790594334382526
-140	80	17203.379648462105	51603.731727640145	0.2500232796349753
-140	90	35058.78887764223	44937.12576572195	0.4382572414346466
-140	100	63591.93892419219	30373.036390906218	0.6767621521843167
-140	110	92006.3545551237	17304.888567545564	0.8416915948149452
-140	120	118701.92639348785	11638.575994691475	0.9107063746000492
-140	130	116649.66393019131	17633.386972736702	0.8686849393563174
-140	140	98784.59328500446	43991.267778274356	0.6918858170375366
-140	150	61307.30587394429	78667.2501213083	0.4379889290452445
-140	160	31196.102989487514	107678.52743101183	0.22463500277213083
-140	170	26237.136431365856	125384.4096255842	0.17304358855113516
-140	180	66504.53205431243	129559.44607495535	0.3391981162927595
-130	-180	105704.42222176162	133034.17275449398	0.4427621861152142
-130	-170	228841.15756619108	75574.50191124849	0.7517391121042202
-130	-160	229827.9192141024	17464.18588971512	0.929378312007238
-130	-150	207306.08341721943	8992.700399115618	0.9584246372519988
-130	-140	171724.0832111821	33569.016415165956	0.8364824902723734
-130	-130	111285.83292322834	81771.08964895013	0.5764405204460966
-130	-120	42685.55404581454	130227.11403807825	0.2468619246861925
-130	-110	9382.131189256634	154519.78879366958	0.05724235073166914
-130	-100	28468.1054584866	162264.35233841304	0.14925674312235152
-130	-90	104034.8472114243	130899.54193437437	0.4428251121076233
-130	-80	210050.1490211988	72767.62496848196	0.7427049087405057
-130	-70	276732.026572839	20494.632342322235	0.9310471260649196
-130	-60	283433.4511891302	10309.472122160287	0.9649030791756812
-130	-50	221204.7652024366	38769.1671480334	0.8508728671466614
-130	-40	138372.50627238964	89935.3766891002	0.6060785307869979
-130	-30	54310.56311164895	134119.34471351153	0.2882268729974777
-130	-20	10727.227037755176	145583.7955123917	0.06862745098039215
-130	-10	25578.58477538091	124083.61939761245	0.17090878032114792
-130	0	86307.68644507702	85621.17719369261	0.501996492144643
-130	10	163876.68127059727	43922.06261072115	0.7886317222600409
-130	20	203381.2740523	11786.687110456483	0.9452209936518344
-130	30	193285.48797090392	5851.102530122066	0.9706176423157555
-130	40	134331.9973005004	18209.277060837503	0.8806272129489124
-130	50	127864.56624113942	66845.43392294565	0.6566923431430641
-130	60	29513.76325588127	60036.15969225304	0.3295788794031136
-130	70	5445.4918990625165	57630.92016906304	0.0863316685353175
-130	80	14936.279386505481	57101.01836615619	0.20734091717028083
-130	90	55538.2210342706	49344.58123887318	0.5295264793710769
-130	100	108708.55341338832	28493.117745154683	0.7923267442403851
-130	110	167773.88994358058	10313.178604344957	0.9420891214143966
-130	120	160071.6493397054	4967.233170216795	0.9699026490323082
-130	130	154779.0691080164	26255.615581110935	0.8549691423707172
-130	140	89902.10119141726	59182.397403664596	0.6030278267601393
-130	150	32518.757054916787	86846.99977358639	0.2724295302013423
-130	160	7396.193649394104	123659.94217986977	0.05643530997304583
-130	170	23289.272867769676	129218.10883464132	0.15270915156890072
-130	180	77885.03819699674	95234.84056691693	0.44989078523564474
-120	-180	95140.92863511093	54026.84575391938	0.6378115449184281
-120	-170	153858.6541305205	19594.146375525765	0.887034707318878
-120	-160	201326.1122430842	1090.2599095732771	0.9946137760598188
-120	-150	182400.08240964488	9779.219718559572	0.9491140845540392
-120	-140	133076.02093956998	45319.132944748184	0.7459620849670852
-120	-130	64153.73341649368	88671.04296162263	0.41978620834206665
-120	-120	12511.64589900184	126200.24584646703	0.09019879796578827
-120	-110	2212.6771788386554	132972.8933666614	0.016367702336204024
-120	-100	35046.01365656725	88892.82027510388	0.282768625012952
-120	-90	81474.19565987715	44755.05603968712	0.6454462381967712
-120	-80	143131.51383708103	16995.183782967324	0.8938641461070169
-120	-70	175439.06818372032	860.0898231668137	0.9951214184293881
-120	-60	177665.0447973469	7379.77507930474	0.9601189858531355
-120	-50	120312.42814487308	33143.17729410837	0.7840210711150132
-120	-40	58269.13514808591	65166.559726671214	0.4720606564187786
-120	-30	14263.70302384336	109258.68014434971	0.1154746423927178
-120	-20	2053.5432656923563	113926.72998698875	0.01770597023183755
-120	-10	39572.4912029729	91991.10842541436	0.30078601767319246
-120	0	95390.10115369444	46786.6651327899	0.670926084797038
-120	10	148888.6709680788	15215.321190504012	0.907282443343605
-120	20	165060.38720883714	853.4397814708759	0.9948561262376239
-120	30	196873.32759311306	8060.642089330742	0.9606671256023531
-120	40	144744.5577693443	34648.3572007432	0.8068577167246512
-120	50	70664.15897385699	73377.48620188542	0.4905814487722702
-120	60	14024.498299431609	99462.7955436556	0.12357769600905746
-120	70	2180.628710660432	105170.43999238165	0.020313060102760187
-120	80	41097.62192223184	91503.26865043477	0.30993473531544596
-120	90	130099.40966766705	71098.74944918112	0.6466232605642793
-120	100	176680.0404496743	20603.693741463543	0.8955631399317406
-120	110	209401.83095328847	956.2313528468535	0.9954542681066568
-120	120	195968.69854035822	9154.779557564498	0.9553694211776472
-120	130	143693.53707173822	41860.53616085481	0.7744024939383444
-120	140	69235.5341234124	87481.37489175501	0.4417872618755621
-120	150	12961.913600719803	122833.53254873115	0.09545175459311388
-120	160	2573.887649200757	137584.24379206542	0.01836416926176955
-120	170	44688.747207492685	123524.44526039471	0.26566731510088876
-120	180	133049.84255148683	82962.14996847746	0.6159372958850425
-110	-180	197684.3275173201	59981.22424946203	0.7672128701792774
-110	-170	264414.05839528714	14052.22795605002	0.9495370583628909
-110	-160	308144.63155744434	5138.41677688171	0.9835981652879023
-110	-150	262007.92630595743	42251.748540564215	0.8611326047006481
-110	-140	170355.3594137104	112798.09067128776	0.6016361777070787
-110	-130	68382.7230078556	189792.3638569965	0.26486956521739125
-110	-120	11012.027138157895	214239.82319078947	0.048887621220764406
-110	-110	31557.55011730628	198298.65957913914	0.13729257155585253
-110	-100	119440.77519444986	148386.39024694683	0.4459621375509226
-110	-90	224649.933804201	72949.15094609813	0.7548744109636419
-110	-80	317414.6677172945	18281.73798800921	0.9455408587125054
-110	-70	349872.43389233516	5794.842402875617	0.983707125200729
-110	-60	291508.23044686427	45514.37821932044	0.8649515579994763
-110	-50	187551.32491841537	118520.99323434832	0.6127680087187978
-110	-40	75128.09262764893	193886.19598582847	0.2792717554701854
-110	-30	11979.610830490685	211456.14668066124	0.0536154596020414
-110	-20	34945.0153968379	208772.42226074167	0.1433833201789003
-110	-10	131366.66833181202	149899.72527488924	0.4670542635658914
-110	0	253509.3343355027	74994.53623757341	0.7717088200308106
-110	10	327045.7032372731	16121.610292809151	0.9530211367540519
-110	20	339579.70079111645	4133.857459254452	0.9879729578306503
-110	30	293920.8446902191	36714.51164299193	0.888957696326973
-110	40	183005.38951989994	97743.7037632951	0.6518467695826186
-110	50	67613.00449723582	150854.6623151359	0.3094874655081313
-110	60	11771.480045260212	175038.7511710915	0.06301303718010623
-110	70	32865.824945432076	165902.11302792825	0.1653477179495462
-110	80	121285.20394596996	120797.67681316762	0.5010069426042716
-110	90	220515.50682691403	56175.88122900678	0.7969727875388252
-110	100	308461.55839698174	14414.930884470978	0.9553546592489568
-110	110	338825.7563296137	4607.03305940099	0.986585343037288
-110	120	271826.5425651096	35756.15016079713	0.8837510984642424
-110	130	152933.42443969744	86841.75363587122	0.6378200849109503
-110	140	59932.44049578615	145526.33040887542	0.2917005695687551
-110	150	10525.953785950456	174603.98325154823	0.05685711319514136
-110	160	28644.578540022885	166522.3458298199	0.14676963646637783
-110	170	106254.11166697028	122948.3450198751	0.4635819057216437
-110	180	209425.3353673853	64598.476607807446	0.7642596234897443
-100	-180	225942.29047042088	42319.16591489754	0.8422465661480931
-100	-170	260463.9432598363	17238.76501848429	0.9379236697929242
-100	-160	232753.294576362	24885.330035686966	0.9034099406750088
-100	-150	198614.20161204363	72022.81631389145	0.7338766999952613
-100	-140	115768.01783044814	128474.49811814276	0.47398798436393214
-100	-130	52095.90665891534	176680.8842753166	0.22771499873818804
-100	-120	34828.578814873355	185113.8595610066	0.15835315399819103
-100	-110	75194.63475239505	155715.4493103851	0.3256446553973409
-100	-100	154630.07804305645	102845.58266795154	0.6005619234690072
-100	-90	233653.06568431566	48734.417309664015	0.8274200513671386
-100	-80	275025.195804125	20313.63009517791	0.9312192359628871
-100	-70	259074.32036224863	28965.787825217212	0.8994383525006685
-100	-60	196836.03410310516	68386.67533416487	0.742153771525588
-100	-50	112368.17784315428	119162.83092437181	0.48532668881506097
-100	-40	46295.64635140401	148491.47198191975	0.2376730388925511
-100	-30	28977.294265202258	137057.90215771846	0.17452500969367976
-100	-20	53240.088447736474	91525.45645144329	0.3677676790068721
-100	-10	91594.44697258437	50189.88087806224	0.6460124920792976
-100	0	159510.99598074373	28023.49447399349	0.8505688505296195
-100	10	219199.11403030384	12685.713194517451	0.9452930433338868
-100	20	205036.75244860395	16806.50174328927	0.9242415470125058
-100	30	146702.41031559257	41190.99610789283	0.7807746589305316
-100	40	93777.61993414638	80587.13335203339	0.5378244064053009
-100	50	40264.60071269049	100671.1237191277	0.2856947794820445
-100	60	27401.724305406195	109703.06611834472	0.1998597147533318
-100	70	57563.27882898262	85973.04586966228	0.40103631571894405
-100	80	126636.56565225386	62965.55259666912	0.6679069138140982
-100	90	174881.5084377129	27624.317875111366	0.8635875402792696
-100	100	192293.83315020002	10293.53830008422	0.9491896349392623
-100	110	174096.3882644476	14866.427078403533	0.9213261770500714
-100	120	135827.2490817052	38802.275330454475	0.7778023191606847
-100	130	77016.70560816965	71242.69564370294	0.5194726604711476
-100	140	40839.818084756895	121062.95170827858	0.25224903895692147
-100	150	30059.93488555643	137903.16281899498	0.17896749521988528
-100	160	61994.96856433976	112974.88576645059	0.35431799838579503
-100	170	135306.97106682602	80901.69121770225	0.6258166052975414
-100	180	197267.28308292068	36972.80019068999	0.8421585252447896
-90	-180	175438.70477168588	34987.446180281244	0.8337305224564621
-90	-170	143553.45180115462	19803.36118323931	0.878772358364195
-90	-160	132183.25669117202	31414.99135770787	0.8079747690921377
-90	-150	101503.80457288215	51172.3474391334	0.66483077569897
-90	-140	71737.03592211839	79042.33765629027	0.47577486376021794
-90	-130	49613.59928230254	87058.93428565172	0.36301075268817207
-90	-120	54737.08966221183	86301.14042889775	0.38810108171984364
-90	-110	86902.08486866347	73671.42879467811	0.5411981271759574
-90	-100	131995.45792517992	53177.74945506592	0.7128215782002008
-90	-90	160175.47569783058	32670.152091672055	0.8305890962312477
-90	-80	167652.43312004916	26375.177038216345	0.8640648255333223
-90	-70	143026.90243091888	35783.93650953067	0.7998782583786881
-90	-60	112778.53388131499	60008.24128687174	0.6527035056446822
-90	-50	72360.54005795311	78462.77235334314	0.47977026164645825
-90	-40	52011.17564598636	91847.34268428647	0.36154394087792713
-90	-30	55498.19812849015	84359.83349357286	0.39681809821592784
-90	-20	83091.38574285766	67271.78071212614	0.5526046551283144
-90	-10	132260.16171178845	49663.44005962627	0.7270093623034799
-90	0	166787.10145407284	30027.326839676447	0.8474333050681625
-90	10	171218.95607719765	23034.503278328997	0.8814203702999658
-90	20	152651.35193974816	31398.381045905964	0.8294027351381524
-90	30	111484.1321852668	50612.073157340885	0.6877652191156057
-90	40	70588.54084542206	62440.25445443078	0.5306260248866596
-90	50	44708.35681728556	64885.55548432251	0.4079456228758936
-90	60	42878.986564652674	51897.69556515223	0.4524212665086353
-90	70	66569.8303683879	42695.14236001784	0.6092513337632643
-90	80	105427.86506070179	30644.212537976502	0.7747942628732659
-90	90	143463.21968354596	22796.4562168583	0.8628864389792614
-90	100	160445.19025604552	21165.02810376166	0.8834590460002124
-90	110	151105.98817523228	32528.15928657672	0.8228643216080401
-90	120	105793.64918150727	49299.033178033846	0.6821317909522825
-90	130	48691.039321604745	41952.061112641684	0.5371731448763251
-90	140	35498.53438649501	51996.94971755124	0.4057184750733138
-90	150	50572.93556140032	71785.22639669871	0.413318856315599
-90	160	79244.59308440704	59574.677885879566	0.5708472068072512
-90	170	110722.84099119811	39931.04021610615	0.7349484799454995
-90	180	127640.25579233034	22433.78081795721	0.8505152435113524
-80	-180	112903.85607119209	33749.934138874785	0.7698666083533784
-80	-170	114588.89413600526	34885.481685282524	0.766612293956044
-80	-160	105449.98966643923	41320.147245039894	0.7184703365783386
-80	-150	99346.53436635388	56702.320929973524	0.6366373798622282
-80	-140	94221.2794922798	73001.13693805473	0.5634488575371875
-80	-130	100338.53550344483	89379.55667534449	0.5288822713275354
-80	-120	116022.33663661956	93731.3198946362	0.5531361815346035
-80	-110	126454.43973712804	76998.53718989558	0.6215413588294945
-80	-100	170417.4249106349	78405.09686869103	0.684895497770791
-80	-90	184770.5013961892	69649.05346583443	0.7262433168566529
-80	-80	178588.62338050563	68439.1897107905	0.7229494571710561
-80	-70	165173.62477044782	80134.75562079398	0.6733305421812853
-80	-60	140465.87549277267	92940.26158015769	0.6018088352530445
-80	-50	135650.82767067003	123838.608746181	0.5227605005575517
-80	-40	113768.70038375248	112127.77485001872	0.5036320299642472
-80	-30	185426.83107007775	176058.01794954296	0.5129587908676447
-80	-20	178111.21637699832	118796.44526319942	0.5998875724293004
-80	-10	242943.04550480162	120110.78495459321	0.6691653554443717
-80	0	257438.14248883343	99933.44185168156	0.720365450890293
-80	10	253386.6962672758	94717.10867148207	0.7279055634334541
-80	20	231711.74072303987	102455.1803180485	0.6934011900434309
-80	30	196797.828136926	120006.48099282433	0.6211968160329709
-80	40	167956.7209625204	130237.46348107596	0.5632461319656941
-80	50	114139.84194610621	91456.64628266687	0.5551643558186634
-80	60	121358.70666416197	86718.76650456617	0.5832380834697724
-80	70	157361.1670486174	82790.9561815514	0.6552561973303808
-80	80	159273.8564981754	59676.41677390586	0.7274430587270918
-80	90	167374.03512735813	49032.00077620298	0.7734259094415762
-80	100	185511.28412019342	57486.17522273636	0.7634289042437721
-80	110	240088.2369768773	99990.35206095103	0.7059786905613493
-80	120	225818.60763389184	131169.9403508476	0.6325654111558368
-80	130	193799.61135693255	150209.4642417354	0.5633561004740044
-80	140	182320.2912611267	159360.2517669827	0.5335986932276902
-80	150	200704.26872118624	159904.71566242038	0.556570350193167
-80	160	237904.47254621403	143952.45448701375	0.6230199210855548
-80	170	295365.30101706035	133771.12040682413	0.688278333582201
-80	180	320568.98468025826	118730.91559538982	0.7297269689319538
-70	-180	156595.4433638819	111750.54410530733	0.583557983634325
-70	-170	154115.93868464697	94857.88143987258	0.619004594971346
-70	-160	171196.1265189647	90047.21364160345	0.6553128834355828
-70	-150	174980.50264950297	82122.83002090675	0.6805843426145586
-70	-140	244895.4402830774	121603.2531060798	0.6682027649769585
-70	-130	211347.74054497157	116226.52075079683	0.645190314125885
-70	-120	166656.829650741	105581.59967023591	0.6121723155192311
-70	-110	142444.00361119912	103366.95489877122	0.5794859776579955
-70	-100	137592.07354718368	107991.69039315364	0.5602653503617226
-70	-90	151199.78959111357	123376.3019003443	0.5506662607433082
-70	-80	193632.75302297992	147002.37980765686	0.5684462181393772
-70	-70	202961.39588964303	128738.58419434766	0.6118824482239963
-70	-60	209905.6081798867	118701.8839838422	0.6387730443933429
-70	-50	215762.48972039472	119513.26069078947	0.6435374149659865
-70	-40	216428.49847954806	131430.4722592472	0.6221731123388583
-70	-30	194427.02250747953	134071.03133857338	0.5918665886483324
-70	-20	177781.6937875283	141756.3788512325	0.5563709273182957
-70	-10	164718.99235932497	134110.106588893	0.5512147007740635
-70	0	162580.48569435673	122892.85408770268	0.569511975508734
-70	10	181256.01544825558	117107.71673829602	0.6075001613631963
-70	20	193873.04190067595	104509.2266941808	0.6497471944752744
-70	30	210529.04318484405	97493.35827972824	0.6834861431630596
-70	40	225027.4346240959	100500.42552879408	0.6912693571555066
-70	50	211082.32819495868	104165.05214055361	0.6695767875067112
-70	60	197010.52464859563	107915.6115264919	0.6460926148208983
-70	70	177163.59522258202	111195.623469831	0.6143850577274551
-70	80	168364.87849595206	110910.58831550309	0.6028631172591282
-70	90	177492.52327372803	115139.3214078795	0.6065386474491364
-70	100	198986.41104455653	112333.9351158575	0.6391693106432074
-70	110	219055.37798924203	107227.79383009089	0.67136584693536
-70	120	238996.90668838334	103458.00509312772	0.6978930611480476
-70	130	247658.6343273025	110369.3994224409	0.6917297277911272
-70	140	256244.29374930818	124212.01388600153	0.6735183215701441
-70	150	248467.19515702507	146060.8062545563	0.629783422895294
-70	160	223862.96249079873	155145.8594602636	0.5906536986089046
-70	170	221487.31918806466	170996.99133976825	0.5643214601118633
-70	180	222622.671074299	167710.20997628113	0.5703405525947765
-60	-180	160684.40390153983	211671.04846060305	0.4315349832591212
-60	-170	223183.33013300246	173729.49941901685	0.5622981005297842
-60	-160	281663.4275974431	122811.98982052038	0.6963672338741591
-60	-150	321394.80167165276	88280.4196681625	0.7845112052922133
-60	-140	303959.94148406375	80194.23129849025	0.7912446695095948
-60	-130	267313.6638955259	112140.84161502915	0.7044682827941549
-60	-120	204343.97118963863	161808.10972518733	0.5580849648022975
-60	-110	144906.11570732913	203597.15810953325	0.41579556519023386
-60	-100	118190.31428112213	222410.64240447019	0.3470052328426759
-60	-90	131367.5468134034	205257.78170170827	0.3902485513876181
-60	-80	177930.69864013063	163476.96241092982	0.5211678557310393
-60	-70	249573.1191147235	123722.52787015596	0.668566915072633
-60	-60	288729.10202353727	87842.89692573469	0.7667301414581066
-60	-50	306796.2969947004	93426.25554229195	0.766564240445554
-60	-40	271712.7509621447	126322.53848578784	0.6826348270250239
-60	-30	192179.60310254863	158033.9716129582	0.548749725817065
-60	-20	134666.7638512857	184165.03435449634	0.4223755742341872
-60	-10	110386.54966248162	197161.89473234923	0.35892410341951625
-60	0	124844.39672888035	180803.59347364222	0.4084580979778678
-60	10	171816.69392753812	136556.93138479747	0.5571705224579889
-60	20	226349.57065597372	95284.61307682742	0.7037484885126966
-60	30	265058.15922000736	67201.91242505128	0.7977430387818594
-60	40	272619.22348864225	63343.04702606307	0.811457855285299
-60	50	235003.7832808193	85444.26503987669	0.7333600080024008
-60	60	177719.75077935035	116762.70382034277	0.6034986057859881
-60	70	140708.3906829055	152096.0131770421	0.4805542158109353
-60	80	125245.5424747659	179373.4378151881	0.4111547558709242
-60	90	146116.30453986285	176443.77682824686	0.4529894211339594
-60	100	200041.15352161694	144835.05348418787	0.5800375597329912
-60	110	278533.5163342535	105003.1227998174	0.7262240107310529
-60	120	328856.75080820965	76475.03334643765	0.811327321626325
-60	130	342089.63981231034	79408.96108363687	0.8116032629412213
-60	140	298384.90326614375	108215.95263535844	0.7338521277939134
-60	150	231946.25721972733	155694.2621593094	0.5983540048684363
-60	160	171639.95341792903	209528.2537192911	0.4502997632122525
-60	170	152618.92773101525	247134.85349312317	0.3817823242688558
-60	180	180845.91903697187	241004.8977356332	0.42869638233853474
-50	-180	166225.37778521326	268409.21385473845	0.3824485694017498
-50	-170	297975.39681586955	184123.53561256602	0.6180793541999848
-50	-160	418215.91707357165	94666.35537352844	0.8154228358842476
-50	-150	472512.90137614676	53870.9248034076	0.89765847253629
-50	-140	429184.32899579394	80257.05877037329	0.8424606624085063
-50	-130	315322.6016380962	166034.51292387006	0.6550699929407691
-50	-120	185410.19621807238	278627.40645587	0.3995585598013519
-50	-110	94045.72170801241	358689.89417869376	0.20772768566886216
-50	-100	81822.14398381342	368029.91901791806	0.18188678170738654
-50	-90	148149.4835803405	312588.1578779579	0.3215484697786507
-50	-80	255963.61770373	199590.86922282723	0.5618726739596256
-50	-70	349424.64260902244	100626.28395230883	0.7764113392207497
-50	-60	390228.54324908333	54461.647541251965	0.8775290108278332
-50	-50	357862.6468022988	77177.6455504179	0.822596557360152
-50	-40	250794.1692976744	137745.87224356813	0.645478309784587
-50	-30	135084.31433630642	196420.48342405562	0.40748826336430904
-50	-20	68071.11193033446	233965.97468448634	0.22537335627642172
-50	-10	54690.90472145438	216970.05443020648	0.2013204432916765
-50	0	93962.58157683913	155521.83379659557	0.3766270587932056
-50	10	161859.9854155742	93617.11171014683	0.6335596702663426
-50	20	224080.76337153255	44784.14570910561	0.83343253732054
-50	30	252278.21899913458	23369.172381464385	0.9152207743943512
-50	40	234483.89503997477	32758.401765989904	0.877420594877709
-50	50	169490.82142013233	65990.01613040853	0.7197648147644065
-50	60	96569.67319865276	99282.91562368945	0.49307325361040316
-50	70	48422.89105998529	121833.07111106734	0.2844123074605506
-50	80	41697.06664333454	125568.95584959057	0.24928593399833018
-50	90	71545.62575562448	91912.06666579058	0.43770118552249354
-50	100	137701.74196451926	69082.19448719303	0.6659208849942513
-50	110	268561.0970727225	51776.528452349696	0.8383688823082156
-50	120	298081.5109608498	27709.581366844868	0.9149467802545891
-50	130	279222.47486557363	40813.17610453846	0.8724730323611667
-50	140	209615.36323843276	86605.85039984717	0.7076311674774148
-50	150	123272.92043466753	141665.45300147086	0.46528903622329226
-50	160	60791.349255623885	172685.92772718912	0.26037372904644135
-50	170	54835.26932565789	184705.23231907893	0.22891857096878018
-50	180	101728.79025281275	154769.0137853698	0.39660686622357705
-40	-180	129422.6317371367	149343.18254979767	0.4642700973510391
-40	-170	231838.61737396172	73574.60481613394	0.7590981677592872
-40	-160	299080.9312884524	18794.861176841772	0.9408735687889986
-40	-150	295113.35415423906	11359.419865657937	0.9629349788019981
-40	-140	231809.7719687812	49374.73721553582	0.8244044902801861
-40	-130	142063.47893557922	119307.13903832286	0.543532704773129
-40	-120	57017.83817393581	187187.6125199452	0.23348306932513727
-40	-110	15446.99120545321	223292.6327218811	0.06470225156321284
-40	-100	37894.44106967372	210763.01585135356	0.15239615790693484
-40	-90	112168.7331724455	151852.00576241137	0.4248481904299247
-40	-80	204494.5587405009	75521.73963129213	0.7302952004207349
-40	-70	264836.01873699756	21360.32219897061	0.9253647963174008
-40	-60	271146.93930685957	10641.902423824968	0.962234478986234
-40	-50	216933.3412438249	48012.098946289676	0.8187849584735709
-40	-40	125749.37251801495	101697.4373915159	0.5528737579042456
-40	-30	50311.81000946272	151506.57174915887	0.24929250532608346
-40	-20	13462.74006840305	181130.3768745067	0.06918405069976234
-40	-10	34077.45812216568	158006.5851429903	0.177409104592434
-40	0	99618.99413466123	108573.36652585627	0.4784949544671425
-40	10	168138.8333047629	47691.05990228915	0.7790340383640106
-40	20	211193.69125446337	11550.656538804873	0.9481438848920863
-40	30	226647.41015580934	6548.57531112096	0.9719181473128335
-40	40	169036.7065641248	26669.423874796492	0.8637271923215515
-40	50	106377.72500812312	67333.84680832643	0.6123813393417796
-40	60	51545.274039286676	124152.12700958861	0.29337527892599774
-40	70	13507.017486195109	147890.28604062583	0.08368799968179468
-40	80	32815.78696711056	143530.5517992224	0.18608714644534238
-40	90	104331.85023065633	106603.55084595828	0.49461517458969145
-40	100	200279.8351854998	54604.83298810926	0.7857665061638137
-40	110	242365.75316833452	13584.072551741763	0.946926814607023
-40	120	253884.41158576688	7611.329666535122	0.9708931027706819
-40	130	212863.23323747242	34624.41892530728	0.8600963780506762
-40	140	133351.37276257688	85692.42249513746	0.6087886333675113
-40	150	54075.29594032771	142836.2883511599	0.27461713913326813
-40	160	14931.490092118605	172248.84696022145	0.07977061227293018
-40	170	37523.53410286766	167269.4068995001	0.18322669677581233
-40	180	121810.93821348739	131308.3667539974	0.48123922523070684
-30	-180	177757.69376238366	116583.7594027349	0.603916614024005
-30	-170	293660.06469576317	42586.594864928884	0.8733471585396017
-30	-160	356441.68954936275	1114.7812345032644	0.9968822232973177
-30	-150	332784.315455769	23968.202391006016	0.9328156041177533
-30	-140	304755.4756949441	147072.39256581583	0.674494640775595
-30	-130	141380.1092507464	288016.7490849713	0.32925277981472895
-30	-120	27901.90187698091	429712.4280086521	0.060972526546435195
-30	-110	6389.578753344562	440957.53232746816	0.014283268171570449
-30	-100	96468.18648481792	395170.1754258755	0.19621777704633525
-30	-90	255661.88003586236	250160.26284685475	0.5054382921610089
-30	-80	398602.1532133544	84622.2136215535	0.8248800776007548
-30	-70	424253.8881663558	2161.901609474128	0.9949300620162056
-30	-60	323858.28955694387	25418.104632222865	0.9272263884559673
-30	-50	211188.69671242774	99445.93035667368	0.6798620575723784
-30	-40	102907.79428941499	195312.56863702292	0.34507299662430924
-30	-30	18484.345075200166	252221.04088186755	0.06828214743437604
-30	-20	4320.675308325444	246920.49484919006	0.01719732202177135
-30	-10	58299.26550491264	190641.68145882574	0.23418913688556314
-30	0	153427.4087419842	110392.1100910893	0.58156200655897
-30	10	246486.0903017049	37335.47809687601	0.8684544014482914
-30	20	303957.64262736344	1365.5975085346638	0.995527371228188
-30	30	300634.4034553161	18630.88255524527	0.9416445089033922
-30	40	239708.49688984684	96427.42013088401	0.7131296738963574
-30	50	114279.95689088231	188811.75972996792	0.37704744347678676
-30	60	23836.707238739447	288229.5722235331	0.07638347622759158
-30	70	5764.733248947495	296470.16355043213	0.01907368510385505
-30	80	83989.64495543197	239921.84457176438	0.2592981344318137
-30	90	235982.18246230655	157428.35710784842	0.5998369609521481
-30	100	388557.68536271475	57966.886851919946	0.8701820897237061
-30	110	474384.9374800186	2007.225314722008	0.9957866113855722
-30	120	447589.4161006183	27512.800382445203	0.9420907766204328
-30	130	326493.57203890913	128812.2933444885	0.7170862421549962
-30	140	153248.77677494625	255380.49017487283	0.37503132832080205
-30	150	27780.675649862776	333175.7208478695	0.07696407632448565
-30	160	7292.81301414541	356368.0961467803	0.0200538821479936
-30	170	97657.91714837437	291761.5258874558	0.250778226138516
-30	180	223508.12320120356	155906.33789573523	0.5890869909254676
-20	-180	261048.58987789045	105720.63273089491	0.7117516241441504
-20	-170	368453.1632207196	29345.827159172357	0.9262295081967213
-20	-160	388914.30718469643	14639.215653533643	0.9637242278283816
-20	-150	324788.4885472582	82806.35344305863	0.7968415080065566
-20	-140	194363.5417257538	199191.8521941984	0.4938657803411701
-20	-130	74240.43202485304	323301.80025391036	0.1867485414047642
-20	-120	8811.977525042348	390831.063285142	0.0220496208495914
-20	-110	35131.50290014886	360874.79597705347	0.08871450529892402
-20	-100	138691.72299520852	270428.93471593305	0.33899956010808774
-20	-90	263697.4997203368	141584.53216877196	0.6506518398834134
-20	-80	358136.1909582705	36994.17510856529	0.9063747606218961
-20	-70	355879.7641046518	13903.502766929909	0.9624009412741807
-20	-60	270037.11247459176	72275.27994946166	0.788861631804648
-20	-50	153390.10438526073	160970.2990341254	0.4879434646246589
-20	-40	56078.29334399415	252473.97882549546	0.1817464929027974
-20	-30	7247.062250223484	285421.27808342536	0.024762030091678728
-20	-20	25447.024388589474	248866.75770739725	0.09276611694152924
-20	-10	100793.82596911957	170847.10701379762	0.3710553665910809
-20	0	194581.21674774864	81139.1039943481	0.705719535738376
-20	10	267388.7537597195	20516.072800646212	0.9287400873206808
-20	20	277296.0221113052	8723.459895747505	0.9695004695675508
-20	30	230683.2390133696	46325.495496461495	0.8327652173913043
-20	40	141422.3330791924	112183.52191494814	0.5576461674453845
-20	50	52849.82383135161	173552.16786907456	0.23343356405310337
-20	60	6182.2663487104455	199966.11196099193	0.029989400835463555
-20	70	27435.04525668586	204609.80954371684	0.11823164655076956
-20	80	117794.71007226461	171712.29309836874	0.40688034756394914
-20	90	239222.973325863	89174.72103630166	0.7284550940301131
-20	100	323399.97427746805	22098.88053568611	0.9360377603924702
-20	110	364438.1030134103	9446.588850386348	0.9747339512530039
-20	120	315242.23102297983	60303.761736179404	0.8394237646017096
-20	130	196739.70362227643	159739.20333353142	0.5518971804036248
-20	140	75082.3179105713	265775.38509872975	0.22027466959877542
-20	150	9328.855321190213	331597.81950830383	0.027363230893727535
-20	160	41798.56979687089	334812.25759268994	0.11098610755987388
-20	170	160059.0935382668	249618.94997081658	0.39069482993837323
-20	180	301469.69017617434	129386.29903438553	0.6996994302633349
-10	-180	327716.328005076	100001.76779878179	0.7661970143890278
-10	-170	370553.64384093066	47672.14825848155	0.8860133708655877
-10	-160	341606.23010127875	68529.803862481	0.8329095758785817
-10	-150	248670.44545699222	153898.2283853709	0.6177093788335006
-10	-140	136742.81882737877	259576.00139172774	0.34503236245954694
-10	-130	55605.53036277603	352341.64489681914	0.1363057124427733
-10	-120	38808.4584475737	370491.6735707545	0.09481662821901041
-10	-110	95347.59160756502	318139.5394175204	0.23059385517316253
-10	-100	199597.23790675792	207527.32072218045	0.49026086409263975
-10	-90	302390.3446294003	102971.09465574937	0.7459770844574222
-10	-80	362581.78544227337	46608.315031121965	0.8860961812683141
-10	-70	346520.52848101314	62883.54085895997	0.8464022574071172
-10	-60	257495.60295219423	144833.65265411398	0.6400121277885935
-10	-50	140632.32328312818	240629.14868983853	0.36886056845812026
-10	-40	54309.24119544011	301868.1717537324	0.15247806071068912
-10	-30	35839.869469317884	314817.31054121675	0.10220771600410739
-10	-20	86075.05559795769	264894.7627710812	0.24524916700230678
-10	-10	178695.37250886136	173859.34549983416	0.5068585481373531
-10	0	266523.4949478702	81542.6353471821	0.7657266012120766
-10	10	314606.6091117952	37260.786029272	0.8941056018721661
-10	20	294410.5303945778	49141.10935611832	0.8569615054325506
-10	30	224899.05535726305	107937.68666772728	0.6757038119919374
-10	40	128388.82413446899	180769.6700778256	0.4152848022552027
-10	50	50189.70320922943	230320.76028656765	0.1789227488477678
-10	60	34243.38417560886	240480.6345668297	0.12464648825522964
-10	70	88814.08881776451	198416.36787686235	0.3092084657031635
-10	80	190425.07162605904	132363.4087646877	0.5899376315894014
-10	90	307945.4330023426	64832.98498697094	0.8260817100499913
-10	100	368390.93248225	29544.382034045186	0.9257558177012828
-10	110	348233.1812923918	44613.84626886271	0.8864345581387749
-10	120	261716.1220415657	105152.02404046831	0.7133792476576702
-10	130	142412.32703440037	187475.133822833	0.43169972773239984
-10	140	56710.40492365328	247272.0136741325	0.1865581739406108
-10	150	38879.852431010964	274099.43733277376	0.1242250005115508
-10	160	96235.52944133418	242286.11623100983	0.2842817606247867
-10	170	206746.98262917728	174920.5162895803	0.5416939697901441
-10	180	313054.2297678221	90324.68371317613	0.7760798081047164
0	-180	300539.27549150103	110716.89022814826	0.7307836344911525
0	-170	311651.4566324052	100299.47959926694	0.7565256665836032
0	-160	273178.2795098773	144621.52525114463	0.6538497060000615
0	-150	204270.98922232725	218770.20403407898	0.48286311706415347
0	-140	130743.12100753658	294616.3884573755	0.3073708665218441
0	-130	91246.75973506244	344116.8719300972	0.20958746458923513
0	-120	104791.41529955695	328107.61203045596	0.2420689553078415
0	-110	160468.3069880507	270668.73528836714	0.3721979121551995
0	-100	235871.20570320307	196098.54682021085	0.5460363933477453
0	-90	284820.76018881483	129351.9777381636	0.6876859196826971
0	-80	299989.6313198169	110713.69841688142	0.7304290216301389
0	-70	261775.21144580684	148692.06368481857	0.6377492855246514
0	-60	194576.11296403714	219808.95545507278	0.469553871007829
0	-50	123275.467086165	285785.72841890185	0.3013619195386086
0	-40	85520.93441827528	317297.00982545636	0.21230666518304214
0	-30	93609.84570344523	303885.7703397596	0.23549906445577137
0	-20	144079.4568161608	239912.03470916432	0.37521523261839884
0	-10	211512.9943034541	162829.096087769	0.5650259474760182
0	0	257257.89918129588	97653.99303651524	0.7248500397485004
0	10	273378.7359064524	81640.92197670929	0.7700383058687482
0	20	239209.4777370586	110345.719921512	0.6843253349953257
0	30	179745.51543795833	159435.83151517305	0.5299392701061354
0	40	114139.27108245419	201478.73350711426	0.3616373889407278
0	50	78741.51086669625	226757.88534176946	0.25774686249450024
0	60	90061.39448684748	219054.04267937536	0.29135197941737906
0	70	147028.16374238287	177084.03444460497	0.4536335397582257
0	80	219517.85152357476	124970.49876750408	0.6372286648825453
0	90	281773.4008891902	82927.0836075716	0.7726159214677217
0	100	299915.23593520076	71338.12670800925	0.8078451702090894
0	110	269724.03169591335	102717.85817332914	0.7242043363881773
0	120	199789.40587074796	161531.58727880084	0.5529415939252005
0	130	131895.60381914402	223496.72525710744	0.37112676056338023
0	140	91567.31393404007	264308.23043909157	0.25730150717530825
0	150	104754.27926643749	265871.2986903723	0.2826417967263038
0	160	164562.98059258872	220587.69256508505	0.4272690976843226
0	170	239462.06396039974	159038.32624921796	0.6009079786206453
0	180	298575.65231934085	106152.51829752189	0.7377189778123661
10	-180	240971.2431083028	165347.80031856505	0.5930591908170667
10	-170	237079.87919917915	171161.23518173213	0.5807349403273739
10	-160	215781.43897565335	204708.6467864279	0.5131665318210268
10	-150	180765.54003864547	246997.00646701455	0.42258384123457526
10	-140	155261.50071149407	271235.34182863816	0.364039039039039
10	-130	147603.66270940553	294809.8693020691	0.33363279382145394
10	-120	157473.84810912772	295532.23298083496	0.34761972230093513
10	-110	186225.65392790796	263865.5742308183	0.41375090709884893
10	-100	215978.34180654128	224471.4993338031	0.4903585417294366
10	-90	233921.53638439908	203018.74059043344	0.5353627228049586
10	-80	234844.13823928137	203130.25297718917	0.5362051821957069
10	-70	210120.38229072306	228886.74649910067	0.47862635595450426
10	-60	172813.81792063688	253313.72459656207	0.4055448209233317
10	-50	148525.07970933593	268459.77100189135	0.3561881911441271
10	-40	135569.39919036336	268618.9688651922	0.3354114316613124
10	-30	145056.74310943953	244082.72677754905	0.3727628635346756
10	-20	166827.4901384181	210812.83969703835	0.44176290760869563
10	-10	195223.94560203436	172507.81742824474	0.5308868181342268
10	0	225399.38936453554	148409.00729361686	0.6029810763471511
10	10	227131.38903676913	142024.46479840673	0.615272348188689
10	20	207967.97031082818	156325.69246258552	0.5708800112731628
10	30	178374.4342516685	177559.73407365073	0.501144453455889
10	40	158065.90371737164	188365.5457375564	0.4562689212139112
10	50	149858.71746850703	193696.33732895466	0.4362000074685387
10	60	164122.38174107592	184536.44473197657	0.4707248727969914
10	70	192263.14956941886	168471.7965257691	0.5329762243735763
10	80	223701.30798890212	144646.31373690238	0.6073103090520939
10	90	248108.54991907143	136647.75570394952	0.6448459616985844
10	100	244587.9784619515	137655.59247643888	0.6398746690794545
10	110	224350.102343191	155872.94003312447	0.5900486749594376
10	120	196551.3331510362	189752.89235647937	0.508799335272123
10	130	171116.3057742782	214779.6710958005	0.44342599050181
10	140	158993.17036687137	227533.98824988192	0.4113376429636997
10	150	167210.14317502288	224821.6554704374	0.4265218886650617
10	160	198276.0567196532	206961.45888071466	0.48928356602399725
10	170	231127.70411054103	183716.07104819844	0.5571439610540143
10	180	249303.68098663792	173977.00595770424	0.5889795794520133
20	-180	175239.79926323675	256290.53306890477	0.4060891810691019
20	-170	187173.19191250132	246322.52081026573	0.431776339232688
20	-160	204703.20564317823	234392.44535070244	0.4661927422415555
20	-150	222272.55197948765	226424.90446196604	0.49537288163453164
20	-140	223769.9171132829	229491.16126786466	0.49368879832455986
20	-130	214405.07793522073	247482.11980351698	0.4641935931216198
20	-120	201609.29612115343	267471.42739429564	0.4297965915338098
20	-110	183979.32855005728	287598.03181069205	0.3901360498080654
20	-100	170796.9370822808	302040.8316394327	0.3612167816966469
20	-90	168428.33970711404	295457.51885175676	0.3630814274665783
20	-80	179896.0610990816	266601.5606565955	0.4029048584664589
20	-70	191462.3683908423	245043.900469037	0.4386245560480202
20	-60	207742.35984910227	217979.6481819126	0.48797655730771555
20	-50	206609.07712129166	215013.1882012176	0.4900336014352831
20	-40	197393.30256418095	218246.0612246512	0.47491484147412877
20	-30	183643.9269161659	231665.97964295084	0.4421852790309622
20	-20	166099.39199198846	246992.95308961658	0.40208779942212697
20	-10	157230.90716136002	248422.52693704248	0.3875991029407119
20	0	161076.28997728546	237480.49389337728	0.4041489105089652
20	10	177215.0896266913	222114.27400356942	0.4437817645455566
20	20	191701.38388411343	203320.42510744798	0.4852931648850016
20	30	205339.20491364758	174072.89845680873	0.5412036228932721
20	40	216335.7117520758	176827.46898929426	0.5502440776477118
20	50	204693.29651855837	173571.99366155572	0.5411368735976065
20	60	193168.67013433814	186276.41710353867	0.5090820164268969
20	70	181353.5247801127	193324.60614499394	0.4840248464257524
20	80	168450.52642655114	200024.9889509908	0.4571552773430708
20	90	172286.18421052632	195537.36636513157	0.4683935651779009
20	100	186851.8875205231	190772.7098048503	0.4948085713800193
20	110	207632.91826141777	182846.42991873814	0.5317385393852428
20	120	220077.43420889557	167076.81079809085	0.5684489762082401
20	130	221812.01856239772	165611.70335223258	0.5725308132042428
20	140	220210.39239139625	184135.9764232515	0.5446083095464637
20	150	206779.79477064539	216130.12804764343	0.48894524250614996
20	160	189077.64480833185	242371.85622302885	0.43823818165590694
20	170	176818.1279673766	262743.75522596604	0.40225991999766414
20	180	180044.57633710548	267044.433568109	0.40270409772603444
30	-180	123980.06434402562	337878.67943813	0.26843719213531475
30	-170	178728.2290357012	281070.58752750274	0.3887096325554227
30	-160	237723.5353911341	212845.86395937172	0.5276069252235321
30	-150	272564.237332183	158438.9741088781	0.6323949105178667
30	-140	280075.9117404402	155928.81051451695	0.642368986950246
30	-130	240385.08103772489	209277.63380987186	0.5345897560557097
30	-120	178355.4090096424	292712.70066876605	0.37861915367483295
30	-110	125185.06660825042	355686.99431854545	0.260329257572125
30	-100	96508.08562914356	393420.06146030035	0.19698416227456417
30	-90	113634.31727304199	374962.4413575894	0.23257280214367343
30	-80	163722.11345633856	309624.52523673186	0.3458820662768031
30	-70	226277.30192368256	222349.67744528136	0.5043773832816807
30	-60	277811.65950537915	162961.1445486749	0.6302831230742398
30	-50	271776.5222463197	153171.92839773922	0.6395517428864859
30	-40	234034.98031215565	199377.1276487255	0.5399825616622578
30	-30	179769.8293202514	265474.734849302	0.4037552477604046
30	-20	123764.75292799306	325980.81400507386	0.27518837766868365
30	-10	98933.49687576719	357222.7153878674	0.21688512447264177
30	0	113258.40192889064	312646.33034305996	0.2659242627446844
30	10	164226.62452986644	246458.47265191807	0.39988454817773345
30	20	224397.83521582387	182054.032192867	0.5520895663401884
30	30	267692.4506743414	128313.56059935776	0.6759807756789985
30	40	281690.3186161374	118534.93575582928	0.7038294448913919
30	50	237456.23456303537	145651.71292829365	0.6198154752934478
30	60	179367.296175135	200148.98505529028	0.47262082036009206
30	70	126708.34020448549	234362.11658970977	0.3509241418682652
30	80	98408.38123562792	246961.77203038338	0.28493597464929676
30	90	113591.24620425387	234544.70969936377	0.3262841550204653
30	100	158400.001838684	184394.9663148215	0.4620838009726899
30	110	214669.85774742998	139670.82068538235	0.6058289968198901
30	120	254657.73421247184	105125.99991052202	0.7078078024656218
30	130	250030.64946296418	99841.2832748457	0.7146347736625513
30	140	215588.90206470038	131811.96337152028	0.6205767558868686
30	150	156020.15404512428	184654.4865107677	0.4579740769390412
30	160	106501.1345973924	239299.66433648218	0.3079840617076133
30	170	76643.13867966618	251886.95125511757	0.23329107752315945
30	180	92951.84779933719	247433.03101621533	0.2730786635492873
40	-180	87938.8865295742	288230.6145475081	0.23377463158969472
40	-170	166715.4785438449	200361.2968265644	0.45417059789635533
40	-160	251416.03552224583	113741.92638435072	0.6885130868009263
40	-150	288520.7807696589	66329.92950734466	0.8130765203891908
40	-140	275678.2356921379	96550.25242405928	0.7406156285546862
40	-130	205523.8771493777	193406.7360329705	0.515187028415476
40	-120	118189.16825157398	319252.9348111228	0.2701824251120026
40	-110	55369.39145686758	405493.1461166386	0.12014296442577811
40	-100	46088.68626666317	427028.2712127375	0.0974149954637165
40	-90	92374.80331811076	358615.7352295451	0.20482647732608603
40	-80	176584.65984484207	246623.2153062431	0.4172527739040805
40	-70	257706.13813985977	126755.17662040697	0.6703044708166648
40	-60	290283.04899581755	68735.19332320601	0.8085467945048654
40	-50	270172.35054042813	93383.14316179513	0.7431392324433356
40	-40	201165.5197071481	177083.31624921277	0.5318338104029403
40	-30	115598.41764648301	279267.5915701337	0.2927535289143303
40	-20	54080.75923434433	332525.3243390544	0.13988594989110376
40	-10	43134.72739482765	344949.55651397404	0.1111478335591764
40	0	91157.5003953075	280840.3978864225	0.24504842854319034
40	10	175963.72989015756	182517.3858016265	0.49085913368292505
40	20	253879.35803501183	95588.12983543142	0.7264748992304874
40	30	290606.03018822084	54194.270942144256	0.8428241774601757
40	40	271319.34167957265	69116.35448931647	0.7969767704529197
40	50	202550.10016979073	132590.95207658506	0.6043726926681842
40	60	110176.25912627944	194564.39764166597	0.36154105689342503
40	70	50144.82696999108	234124.46799092388	0.17639902676399027
40	80	41173.717611144	241037.8051819055	0.1458966565349544
40	90	86412.91241811583	205109.35470430125	0.2964195952202478
40	100	164199.5118517476	144047.25812258822	0.5326885075403016
40	110	237993.24525914076	76906.28196637466	0.7557751748820563
40	120	266142.3425484568	42743.25489834615	0.8616210815536406
40	130	256200.6763795415	63143.57928255954	0.802271128529796
40	140	190717.6067474094	131855.9711318447	0.5912375340884208
40	150	112331.1728171573	224861.6283604982	0.33313633157302724
40	160	49588.093603888665	290985.5991563418	0.14560165584721046
40	170	42682.98742404263	320000.4542876796	0.1176866173503699
40	180	90884.96516340245	281412.1748192675	0.24411942881869322
50	-180	115196.81096177056	254716.72102946579	0.31141550929934536
50	-170	210593.21651937906	132102.5241582315	0.6145195038110896
50	-160	280051.88606437144	40543.859303234975	0.8735358784729162
50	-150	288383.1377842723	24696.041322160338	0.9211188639479446
50	-140	235751.51753849495	99095.96637225273	0.7040564103546725
50	-130	145177.70725218445	232777.87171203457	0.38411314803195007
50	-120	56004.258141547805	360309.0465595153	0.1345243053948566
50	-110	11179.611470936348	422866.7169417412	0.0257567239695831
50	-100	32866.81342081031	397433.4467903183	0.07638111444479273
50	-90	109119.66332991103	293417.36305810034	0.27107981670418807
50	-80	211380.45556878642	152063.19843632323	0.5816044749699072
50	-70	287806.38422664424	44301.10757518007	0.8666061179926182
50	-60	299983.14360208175	25063.379306327148	0.9228929475015812
50	-50	251799.21109269356	99203.32277962682	0.7173714910681736
50	-40	154632.21842939046	231211.63293980085	0.40076372315035796
50	-30	60555.89219606283	339531.81560311496	0.1513565426170468
50	-20	12016.08451043569	388198.9505638859	0.030024070705400294
50	-10	34053.809784155055	354865.7327969198	0.08756003763183522
50	0	115170.64976819389	239487.0155752978	0.3247375173934257
50	10	223531.33109685523	122532.3617372129	0.6459254054253962
50	20	298203.0325689319	37616.15145371437	0.8879868892446071
50	30	314651.1719185515	20537.90076121089	0.9387274155538099
50	40	253307.49508037278	72274.69615175825	0.7780139758927158
50	50	152173.50887732723	164943.8714654006	0.47986492797356034
50	60	61891.32381788708	257954.2647653808	0.19350375939849623
50	70	11905.608266752713	290514.8318345875	0.0393677367269328
50	80	35829.63965620986	280920.5792643288	0.11311638482307802
50	90	122910.11425777616	208058.9982101498	0.3713643044853236
50	100	242158.49369322936	114834.87607309977	0.6783277063429352
50	110	320895.3414125128	33403.6054939425	0.9057191510570254
50	120	339221.93647807225	18879.94745946747	0.9472777209327374
50	130	271772.35665402317	81953.88477569111	0.7683126803246363
50	140	164960.5927162043	199115.37256094176	0.4530938827303008
50	150	63729.095840923794	314060.8828140102	0.16868921740015955
50	160	12558.068919909905	395348.9823411555	0.030786594350565886
50	170	37548.75352185004	375641.1612131347	0.09087529047250192
50	180	128090.39415746584	285106.7030592797	0.3099982914213821
60	-180	187537.4981821393	224666.26386707832	0.45496309216058806
60	-170	306094.41844533675	81395.91811787692	0.7899407793241876
60	-160	350246.27255265426	3402.56445828609	0.9903786917919912
60	-150	321521.9955263874	40382.14007779926	0.8884175777367599
60	-140	230639.1706346083	179022.36763143397	0.5629993277153266
60	-130	109897.03579331333	361930.3930319583	0.23291786165744655
60	-120	19751.14535620188	484676.0436937932	0.039155592293507985
60	-110	3773.089558963157	512198.5091103856	0.007312591562585355
60	-100	68708.73646386342	424499.21714753256	0.13930987114210205
60	-90	183752.32612473768	262022.06846799582	0.4122092438544316
60	-80	307500.71899187344	96538.68726323982	0.7610661589719181
60	-70	380441.1274351292	4090.419575603033	0.9893625903845833
60	-60	360925.008785932	42653.08254834726	0.8943126907426246
60	-50	270896.88120814145	201036.63463592445	0.5740149239530806
60	-40	141568.04974775962	426560.46350721276	0.24918314508926045
60	-30	26782.65779784056	569262.6402884062	0.0449339301624105
60	-20	4245.191969757062	565455.728568953	0.007451615078562277
60	-10	81034.28314984197	438793.5155485063	0.15588678280144364
60	0	212165.23437824243	241195.94214038076	0.46798280348455706
60	10	377383.5291584975	93369.39669701432	0.8016594447557992
60	20	438250.8933752131	4255.174598848432	0.990383918082005
60	30	391982.59705740074	33521.6599550259	0.9212189786527872
60	40	276833.0058110516	146766.75975481892	0.6535249268640201
60	50	131213.65968527374	297713.1202078906	0.30591155842019474
60	60	26168.454672403383	387809.12684933573	0.06321225071225071
60	70	4204.964378530002	395651.25198229554	0.010516191086886822
60	80	78120.65200030562	317401.7205849935	0.19751259957730452
60	90	223023.64542241892	208633.9874777657	0.5166679062848643
60	100	347872.18702412833	72220.44795933102	0.8280844700784278
60	110	386606.7212802404	2746.0324395164525	0.9929471862898575
60	120	343996.0680664777	30623.521733044367	0.9182543503679758
60	130	240674.89244740154	136862.77176382224	0.6374857802604547
60	140	124826.9669224088	293998.1580150813	0.2980407800058301
60	150	26747.859308046063	484422.0349256237	0.052326750087944116
60	160	4781.326656183549	450798.18891931174	0.010495043110407852
60	170	91585.85810817507	447393.5461906815	0.1699245970767966
60	180	260289.6258017006	304121.24674410315	0.46117046723010685
70	-180	420519.1956770166	248236.87534209734	0.6288080421254189
70	-170	556139.3234840614	60876.080237331065	0.901337827434825
70	-160	577672.2291819708	22706.436027521253	0.9621798086052937
70	-150	482185.29218325444	169319.56284376065	0.7401100520782156
70	-140	295818.3529196009	441134.05139287765	0.4014076773324015
70	-130	114098.26063213254	693359.9466566577	0.14130546894215282
70	-120	17757.001273005266	764708.5669998593	0.02269365195480777
70	-110	51752.91462066001	691159.4703762607	0.06966220467690079
70	-100	203958.986228646	564319.353547137	0.26547538264344417
70	-90	392229.43405490206	292846.5434303987	0.5725342107230987
70	-80	538306.02494185	70914.5661600042	0.8835978835978835
70	-70	563113.6254789273	24314.115149189107	0.9586091812361621
70	-60	462377.8036429249	168488.15654304076	0.7329255861365953
70	-50	286008.5810865246	414962.9109455674	0.40801742201725727
70	-40	101844.71570729752	582297.4815191954	0.14886483558560662
70	-30	16139.172802123958	591161.569311709	0.02657525618353158
70	-20	45610.44979841887	543869.1860751432	0.07737408898074621
70	-10	161413.0993631031	372122.1648997648	0.3025350153491942
70	0	387180.4827356176	227446.57091834515	0.6299437690447021
70	10	547748.0914091564	54429.74895895095	0.9096118367197331
70	20	589282.4187992126	17480.725065616796	0.9711901995986905
70	30	493937.9527911252	127592.14362810375	0.7947128475946861
70	40	312388.29905494064	324645.24793253606	0.49037966765207386
70	50	118097.15637453282	495137.362336787	0.19258073831640757
70	60	21564.50667783869	596218.2002454313	0.03490629704615065
70	70	61411.90714876557	544716.3869632459	0.10131833102880486
70	80	224270.89176229286	411976.43547449354	0.35249011219630316
70	90	427079.08532414224	209903.8976991686	0.6704717342637598
70	100	576918.6642822005	52638.587619202495	0.9163879258634188
70	110	613186.0081346849	17886.191742187897	0.9716574557623079
70	120	508001.3833014467	132710.99442092987	0.7928696260048934
70	130	313704.9682455427	344608.03438359953	0.4765285920112185
70	140	119227.4250228	563931.3525166534	0.17452374022364728
70	150	20624.689213648577	683145.5773027767	0.029305996849992265
70	160	61355.132946905964	656998.6770823023	0.08541074341126036
70	170	219244.03752040083	492450.13170437084	0.30805934206151664
70	180	414950.5876409976	252871.8106900225	0.6213487128883609
80	-180	387342.9395626704	149624.74337531126	0.7213524237498805
80	-170	455330.88125842327	65461.69376966398	0.8743037114802692
80	-160	402434.115404837	98920.59550801788	0.8026933958037303
80	-150	306791.1449052723	240922.6926491012	0.5601303525124395
80	-140	176689.26096771733	425910.13325285603	0.29321181312545863
80	-130	80472.6350362274	594450.4288569656	0.11923230860126931
80	-120	59057.30766601875	619182.6627510785	0.08707435456760279
80	-110	127240.34836166509	530629.8309587089	0.19341254910370506
80	-100	259277.25687898055	362446.3805094669	0.4170297561277799
80	-90	404264.65026043233	186652.10124119345	0.684131308231021
80	-80	461318.15147457056	79053.63079755529	0.8537051093505386
80	-70	442909.75681699003	117467.87124737808	0.7903773002981391
80	-60	333693.10149263544	268676.6935987638	0.5539671879497265
80	-50	195377.96637279255	456719.657645276	0.2996145963067931
80	-40	88321.76367475268	601204.6394837928	0.128090473795018
80	-30	68448.59472649328	653859.8346664868	0.0947636659647136
80	-20	147320.99644911592	547707.2399333859	0.21196404510972888
80	-10	298361.98849462613	348843.8515604259	0.46100014868414535
80	0	455677.6431829257	163266.4799031409	0.7362177395124276
80	10	533800.9866031525	66404.26776025945	0.889364067912586
80	20	519322.3118786078	98998.56183113808	0.8398912829237425
80	30	397906.7695474602	229084.62385748804	0.6346287584373081
80	40	239060.68334293875	397316.09720009577	0.375659028820855
80	50	102905.1686678455	510712.64509712136	0.1677023814488885
80	60	74039.82018976784	542905.4046019252	0.1200103626943005
80	70	161713.64279799047	457822.400091185	0.26102378490175804
80	80	325184.9678390933	303847.5843921749	0.5169604763467579
80	90	477572.3165677089	149824.34797237124	0.7611967732053507
80	100	546586.7202868549	63701.78752944418	0.8956202079613486
80	110	491288.390598545	90073.49167994934	0.8450646758488362
80	120	379039.83423028386	226750.9963708846	0.6256942414498685
80	130	214945.8644812359	394138.8642289952	0.35289977625345337
80	140	94757.02662134446	541311.659633158	0.1489729468987418
80	150	73779.5354113043	619412.0947037349	0.10643454451269146
80	160	154450.04521388133	531622.7380772961	0.22512195349444566
80	170	313118.96719414816	366388.8074550369	0.46080262636554026
80	180	460496.6529551575	183621.89228747366	0.7149253136030952
90	-180	442243.09970232594	192732.4581743228	0.6964726346021601
90	-170	462979.0767261998	173175.1839056668	0.7277780019367334
90	-160	409893.130668814	249536.49514819804	0.6215873758491964
90	-150	310961.2930638383	393676.4581578089	0.4413066040312449
90	-140	209041.82184489863	540497.1390688446	0.27889387042677705
90	-130	150409.62172924093	621146.0420500971	0.19494331879113455
90	-120	163586.59976718636	606763.163686087	0.21235367040793404
90	-110	248492.2678932378	506533.7963327558	0.3291174698028164
90	-100	355994.1367103247	351474.89899751695	0.5031939473564989
90	-90	443538.5954849487	224755.097255591	0.6636881363732239
90	-80	466993.22560083884	191876.1768034881	0.7087796517742375
90	-70	410642.09561236546	259446.68466132844	0.6128174470323785
90	-60	301167.6713892224	379812.4762147426	0.44225616921269095
90	-50	187530.00542278655	478339.4507120123	0.28163178787528426
90	-40	123492.86177090782	478853.55138821463	0.20501966820591758
90	-30	148182.72258233553	479342.3301874113	0.23613833731146208
90	-20	210951.71519751224	354890.8627936747	0.3728099004963848
90	-10	337338.9822590598	260860.91236226397	0.5639235066609368
90	0	435811.3893020133	166426.54302209374	0.723653170799398
90	10	378078.7339713368	112347.13478447343	0.770919231749554
90	20	341533.94446086156	158906.23973929606	0.6824670664821364
90	30	261114.99422909983	244782.86371468406	0.5161417272854224
90	40	188807.04267116584	351744.4722597467	0.34928593752123166
90	50	138510.72374764178	400935.90771435393	0.256764461337451
90	60	152880.94392808416	391570.4572138846	0.2807981458169112
90	70	239268.2364974211	326128.4234471127	0.423186505065123
90	80	354706.198620992	233533.43319920453	0.6029960911056276
90	90	426741.0181054414	150239.68453327284	0.7396105556976524
90	100	434647.6014441786	128200.78938459718	0.7722285583941606
90	110	374773.896793001	179989.03941210496	0.6755568411917847
90	120	272416.8411215875	281235.7222380866	0.49203572628384096
90	130	177868.4503118711	375961.32814738917	0.32116086427619767
90	140	122120.38918293761	408697.2621284634	0.23006090487238978
90	150	123546.84007691295	385636.90466408094	0.24263704674971004
90	160	179645.86105086727	312025.9363933935	0.36537759941627146
90	170	253776.40434491276	216683.1445764137	0.5394223688875556
90	180	302928.04603558825	137607.24844222525	0.6876362684961772
100	-180	233507.99205058243	184866.89890728303	0.5581309899262071
100	-170	227663.39571067173	190266.77448161863	0.5447402746873322
100	-160	209854.04201165357	221588.07825801458	0.4864013784293629
100	-150	176947.46209813407	256645.6144045426	0.40809568161322274
100	-140	151554.1299038916	285907.7635923796	0.34643961487169717
100	-130	136977.96696975693	293555.37607770914	0.3181587888180247
100	-120	151500.07286171816	282001.0241370183	0.3494802525543776
100	-110	163488.16897553235	232885.00717900976	0.41246022387698067
100	-100	188063.75127414387	195256.92305085796	0.4906172921805213
100	-90	187634.2378054233	164430.154170911	0.5329543176807158
100	-80	188783.51879021808	163291.8625469167	0.5362019862713597
100	-70	165096.16882454837	175240.88038363634	0.48509608110152824
100	-60	145235.4919497639	195773.62604931794	0.42589914545966756
100	-50	138527.16640700266	235548.36853850554	0.3703187016151216
100	-40	132396.88673944175	240494.2185984391	0.3550550947560828
100	-30	147101.83633513487	228204.48597701752	0.3919513943407175
100	-20	166627.2829241083	188400.8023164659	0.46933549725002255
100	-10	189832.88585825538	148458.47384837407	0.5611520377667372
100	0	203032.5216881477	125268.17972157475	0.618434626597892
100	10	201530.78323554795	120697.99357244113	0.6254276394303444
100	20	183218.4149946196	134560.53576499678	0.5765593175905946
100	30	155627.67770680162	156408.72903265746	0.49874846122281496
100	40	131149.98180629927	164074.04496078895	0.4442388488582189
100	50	111179.73558723918	157201.06591569027	0.4142611355381381
100	60	113737.4179412675	138120.2743542709	0.4515939811272635
100	70	131601.23139215016	124544.62387793514	0.5137745885186672
100	80	153000.52899918452	110233.8529883727	0.5812330739014809
100	90	164082.43926162607	99683.49369488769	0.6220759346078168
100	100	157907.29185831055	108422.10209800777	0.5929022310027466
100	110	142658.6148427079	125351.66602878718	0.5322878449991607
100	120	119784.93793677098	145450.84617789913	0.45161680704811696
100	130	101467.53860052562	167292.47084428385	0.37753957074987465
100	140	95648.22304635371	176436.53610438015	0.35153833439588206
100	150	103157.82960346279	177343.0716174613	0.36776291681934775
100	160	124271.36972903054	177285.95540157708	0.41209866042951304
100	170	148650.889494632	155701.8154804644	0.4884165215709035
100	180	147173.00661979028	131493.68203952885	0.5281327571940793
110	-180	86702.10976074167	140151.95349432714	0.3821933295647258
110	-170	97195.58310009986	128325.88669780827	0.43098150782361305
110	-160	104249.65338019471	120445.8342649061	0.46395971041863393
110	-150	109138.01520730898	113529.47366967732	0.4901389769909463
110	-140	121588.7094785639	131150.134797475	0.4810843771437282
110	-130	104903.07029690551	119310.33140302046	0.46787154336698217
110	-120	104152.82923462865	137268.74574273787	0.43141475340136054
110	-110	96084.67544559245	150534.5795073419	0.3896073543159863
110	-100	108046.47415447033	180607.44220053306	0.37431147832267236
110	-90	112313.27845277771	180141.48900425012	0.3840364081918432
110	-80	120005.7392052163	161190.83752935566	0.426768137076194
110	-70	130003.48347552709	145315.79087870443	0.4721917264254514
110	-60	148067.83726873752	144705.8671357616	0.5057415848527349
110	-50	160311.91081892475	144626.50436199285	0.5257189741863547
110	-40	151549.2204904262	142346.73524145185	0.515656025660608
110	-30	141276.0587669416	150279.35351111053	0.48455989090749135
110	-20	140012.01844127694	163104.6682048082	0.46190798662547095
110	-10	137135.05902827202	166427.4709931205	0.45175226013107717
110	0	140866.16204774927	164977.23134465714	0.460582654688943
110	10	149262.5136896018	148929.49568162742	0.5005583952579357
110	20	165730.14844374955	132133.43108308833	0.5563961485557083
110	30	168025.70854047226	120806.36028399417	0.5817418724462604
110	40	170735.53163468654	114605.93707519857	0.598355130106512
110	50	157317.09621654308	117551.32948480306	0.5723360033628361
110	60	144064.7990163892	128970.39990414548	0.527641855650701
110	70	127129.05910236883	135694.9468853406	0.483704137392662
110	80	117577.71424815984	137184.69661869085	0.46151908300793554
110	90	114181.74277136989	134472.1470611471	0.4591995035681043
110	100	117344.83249129965	122768.4408986226	0.4887061462060127
110	110	123204.03300123308	115934.13035208311	0.5152002142761484
110	120	126715.16466238619	110307.20833771906	0.5346126741475579
110	130	125453.40821134423	106468.44377479861	0.5409296585767174
110	140	117709.74104653303	114993.21420586068	0.5058368980267697
110	150	106392.79313097992	120979.36764010093	0.46792356975529903
110	160	94738.37492373792	134304.59796477656	0.4136270749937015
110	170	89857.98274857465	146368.32804426368	0.3803893920494604
110	180	96931.21933863267	151193.23138018785	0.3906556530717605
120	-180	68560.84571907936	180915.35705622757	0.2748191809734627
120	-170	97233.44594355373	145460.4105187504	0.4006423869186664
120	-160	128693.04526459663	111507.14953698858	0.5357741086384302
120	-150	152065.09869285338	81818.54103717815	0.6501741586901072
120	-140	154544.55687013874	80120.67126405823	0.6585745919790044
120	-130	132978.09548050715	108868.51606151933	0.5498447740600207
120	-120	102384.70233213413	154368.09108531504	0.3987676276832903
120	-110	78962.79361816762	195714.6494525309	0.28747462017783376
120	-100	69260.3603934744	234891.87633490466	0.22771609749931535
120	-90	81555.43092243462	225081.96314397122	0.2659670102230678
120	-80	115693.66685340229	188103.4293485297	0.38082545323771444
120	-70	158881.10481974625	137392.6661756295	0.5362644971438463
120	-60	198654.88612148794	104793.1820872356	0.6546585954366507
120	-50	225680.30450317904	111005.66592007778	0.6702991045913508
120	-40	207121.3297816126	144166.7907115632	0.5896052775449211
120	-30	157121.39941760365	195492.13966486967	0.4455909430660128
120	-20	117388.24353872296	241884.89392594254	0.3267381590705987
120	-10	99168.89804705975	258862.96286260444	0.2769834444205547
120	0	113218.6925702284	236538.87175111577	0.32370620143673945
120	10	155981.8675735056	190878.96220621298	0.4496958266304248
120	20	201019.98353533493	130895.98710760858	0.6056351646651582
120	30	202961.28247072874	77122.33909022891	0.7246453089244852
120	40	194593.31235663407	66569.0693664735	0.7451046780655719
120	50	150106.39623334384	78645.7616101406	0.6561966350326139
120	60	119281.16425231239	111765.92464511031	0.5162634371267465
120	70	82503.88960667507	147510.4565284572	0.3586901903857964
120	80	63786.29244919772	152206.93700590014	0.2953161662063025
120	90	73576.7852339553	150206.4157671881	0.32878600763950716
120	100	98212.92243485342	122070.3125	0.44584837545126355
120	110	123914.81669727177	86621.24745868311	0.5885681258175403
120	120	136668.75608319254	61145.33236295857	0.6908949567583325
120	130	153574.63618075737	67429.7352612627	0.6948941108210038
120	140	135414.13476192977	93599.21480844019	0.5912936298952323
120	150	108779.33846143736	140482.5792873666	0.4364057672502575
120	160	78107.83766459448	185199.5298237331	0.2966412919230489
120	170	65162.10191205862	210444.27617213616	0.23643176317259357
120	180	77731.9674182163	203345.48922061844	0.2765499885609701
130	-180	65102.88549210222	200215.55505811816	0.24537640639335556
130	-170	121589.11448478398	136467.75711526332	0.4711717759379429
130	-160	175701.32495044463	71483.26841696152	0.7108101785667871
130	-150	194073.39831248223	39130.7580231497	0.8322038567493113
130	-140	178493.3816268356	59457.150383714375	0.7501281048571968
130	-130	131432.71301744063	118286.87667445892	0.5263211956242617
130	-120	78044.95389344262	189519.41959594368	0.2916866430146706
130	-110	40368.265661048645	241837.5362182638	0.14304548450889915
130	-100	37626.83230784417	258413.7581435904	0.12710024747101983
130	-90	75611.29311382465	223502.1386060118	0.25278467997600895
130	-80	147665.86299115958	159655.3882999491	0.48049349783261086
130	-70	228744.02721688504	88218.5768896076	0.7216751258770954
130	-60	324486.4949120488	57445.591024890244	0.849592131323643
130	-50	292152.8576401809	77531.6652779225	0.7902761395961979
130	-40	191935.33798248213	131537.36065020913	0.5933586939293073
130	-30	111681.72545904548	200832.29721634643	0.3573654855643044
130	-20	58176.47544384953	253315.27535791812	0.18676730698037924
130	-10	48063.9827190411	233110.31618734932	0.17094017094017094
130	0	90553.79039048521	193730.8922251605	0.3185320769213387
130	10	161950.29114244063	122865.47528367305	0.5686142069120793
130	20	226168.16223319108	63057.44283724226	0.7819783527745191
130	30	256009.8209118173	32852.23868449437	0.8862701500833797
130	40	239207.82053841418	47628.969085681674	0.8339509755770863
130	50	179670.71526510478	104766.26449351586	0.6316714353301643
130	60	110499.54517391762	172939.3566591793	0.3898531375166889
130	70	56812.20501455866	225702.42956709972	0.20109473301687522
130	80	47081.12213977608	230187.940277494	0.16980301274623408
130	90	83445.17500656686	196575.84917586026	0.2979961067216306
130	100	164163.9663739615	150216.191157719	0.5221829763776312
130	110	230850.47894861412	79182.30495253247	0.74460021951169
130	120	263110.3648126093	44881.06466336007	0.8542782026768643
130	130	243877.5424299569	68959.71659154227	0.7795668047749927
130	140	172199.92244944852	139181.9545200893	0.5530184483610607
130	150	99429.10489387278	220383.4372438052	0.31089807869720426
130	160	51152.04559200438	306367.4209360714	0.1430748543254146
130	170	37383.15451060613	264682.99346291594	0.12375817270951854
130	180	70084.63076863931	226401.71827958914	0.2363840055153395
140	-180	84088.17615518057	187837.99545287283	0.30923164055125546
140	-170	152884.55143909936	94591.50325455835	0.61777512829817
140	-160	204619.56749238473	25420.016612230687	0.8894972067039106
140	-150	213290.744889703	15565.712896094745	0.931984821198868
140	-140	181325.50386540382	74348.01072920498	0.7092072252885098
140	-130	120177.10277456496	185406.19989091007	0.3932711693548387
140	-120	50855.151195383885	297207.4271675769	0.14610921816005157
140	-110	12719.672600252605	350292.0745184717	0.03503928647271183
140	-100	32265.508475976	329036.3060314352	0.08930347753709982
140	-90	101587.68576033968	240800.44032080518	0.2967032967032967
140	-80	204093.14912629875	125663.44357636433	0.6189206027802655
140	-70	288464.49983574246	35475.78227660972	0.8904866599322597
140	-60	310048.4570445945	19586.937723366795	0.9405799922148697
140	-50	253294.72983527547	83852.82468911307	0.7512874598559566
140	-40	139891.61847598973	166951.69502387554	0.45590570927025
140	-30	58803.93725332444	258771.95596405145	0.18516499050850194
140	-20	17933.289159086977	312594.67587497213	0.0542564958376186
140	-10	56434.54867494696	374421.52486262884	0.13098236775818642
140	0	163502.60895776388	252713.26679457526	0.39283126493486475
140	10	290594.3704365848	121091.7085060366	0.705863970875455
140	20	457143.03563672	38272.49996840506	0.9227466697796283
140	30	489715.3198304847	19864.34949448173	0.961018167147846
140	40	414782.8151317176	99183.98259016212	0.8070225877823473
140	50	255609.92503673484	239435.32511397827	0.5163364863291107
140	60	99253.5538656778	353785.00315028924	0.21908412060870058
140	70	24065.895900729065	388928.48183278454	0.058271727651115116
140	80	57799.14801836477	380085.04216804163	0.13199642579870213
140	90	171545.29440929688	279599.05299290403	0.380244805009963
140	100	330116.9869456947	147829.66886301947	0.6906983926629157
140	110	416846.1648741508	41354.5745550449	0.9097457271532071
140	120	397658.1827597399	21810.52991575244	0.9480043939948737
140	130	316128.571955193	97240.75659225347	0.7647605908886581
140	140	205985.18042624294	247967.54421993005	0.453759101428007
140	150	84336.5503121288	402266.31303425925	0.1733170037926675
140	160	25404.801368237924	520392.9538540855	0.046546181484182936
140	170	56228.65773574993	465425.53191489365	0.10778914240755309
140	180	184071.66251438903	361029.8777777607	0.33768325515230607
150	-180	201458.04517978278	213003.41422269776	0.486071842410197
150	-170	306625.18031353276	71157.09473075144	0.8116452268111036
150	-160	376813.22459210217	2071.812064536292	0.9945318187204795
150	-150	334128.06721487193	35447.84707243937	0.904085072370593
150	-140	238537.34034919555	154380.50490800446	0.6070921522870804
150	-130	112675.52854932986	294465.1075467054	0.27674842194516847
150	-120	21548.97710431749	393952.4438345924	0.05186258341938566
150	-110	5008.838781991936	398894.4409541072	0.012401084698457
150	-100	69122.91598226018	339198.26913600526	0.16928564694050724
150	-90	186998.64819451908	198872.74600654023	0.4846139180171592
150	-80	323707.63004555483	76863.40369428691	0.8081154221845025
150	-70	387281.8731608954	2463.086543008775	0.9936802606892465
150	-60	365252.96644419996	32582.334131462598	0.9181009475923418
150	-50	269647.6627847336	145104.99138565944	0.650140897408107
150	-40	132910.01939662997	287627.5478020178	0.31604791049225756
150	-30	27051.09060793935	377542.1998900009	0.0668599584897888
150	-20	5437.477159122791	384659.7317011594	0.013938774837710478
150	-10	81542.66320663216	314107.1051506889	0.20609809414317407
150	0	205899.3811754956	174494.04081452326	0.5412800781315776
150	10	349355.96028936584	63199.750926023225	0.8468091721725612
150	20	400668.18299087655	1816.5798200294473	0.9954865873496859
150	30	373887.1850975798	27107.397945547833	0.9323995906881556
150	40	262196.7612060909	118396.34147682844	0.6889162188115976
150	50	115560.72513277925	216740.50301046908	0.3477589468401343
150	60	22733.11948558374	289510.7001831574	0.07280566676932552
150	70	4340.876224524635	285337.2715916851	0.014985169772898314
150	80	63254.659330999624	233867.08462057688	0.2128913841502915
150	90	151496.20191002593	129824.43200669604	0.5385179174410386
150	100	238149.60176408637	47317.51291798315	0.8342453106352317
150	110	283686.78214390366	1502.551086955035	0.9947313910028368
150	120	253904.70830263643	21063.440229832133	0.923396799439318
150	130	192074.10413991028	107913.41226810477	0.6402736568500037
150	140	92830.95031559083	217534.96871969808	0.29910162367098
150	150	21201.330794541755	368424.3334991112	0.054414615713206056
150	160	5298.206409163296	426704.94166420365	0.012264277315552114
150	170	81376.63793891639	391742.30788154306	0.17200037888526543
150	180	175473.20155319496	188534.08561419242	0.4820595843525085
160	-180	199281.33898811086	107666.13096097318	0.6492359719438877
160	-170	265763.086566983	27767.15543380384	0.9054027440425392
160	-160	278965.28960428137	11771.553015708128	0.959511313015481
160	-150	223279.65550162448	67050.44796360258	0.769054441260745
160	-140	128699.40685456313	160375.31172786772	0.4452115615148959
160	-130	41011.00404179811	214207.08464773922	0.1606900367147815
160	-120	5219.416855752584	260599.39962488852	0.019635242248295468
160	-110	20344.814770528894	242796.85441851936	0.07731506314916858
160	-100	87274.69586613055	180949.75008301742	0.3253793499593126
160	-90	176277.80935022162	96094.53404131415	0.6471942310854296
160	-80	216916.47584014814	21312.375854712347	0.9105382253111362
160	-70	228631.93492995936	8287.722934207648	0.9650188464354476
160	-60	194060.06225554398	47470.88735659754	0.8034583665868582
160	-50	142572.5807246491	139935.19974175998	0.5046678023850085
160	-40	59241.98589504389	245532.81808416988	0.19437953899589516
160	-30	9799.017310169871	384678.85385520075	0.024840474020054692
160	-20	41797.33196424724	413746.19137149426	0.09175266428591515
160	-10	141422.70686602851	238662.02864168747	0.37208204817043367
160	0	257844.8886865878	115263.61323582848	0.6910721341327241
160	10	351969.7861238678	30057.389547954295	0.9213213314076512
160	20	354074.02043859515	10905.34888829783	0.9701206429601491
160	30	277129.27138606994	60255.540974707306	0.8214041095890412
160	40	160813.59435410966	139493.92570851048	0.5354963948973931
160	50	49903.54139771726	185979.63347103028	0.2115604108918963
160	60	5203.37651153907	184015.57724985512	0.027499235188143716
160	70	20814.530408262675	195780.8708145606	0.09609867195125558
160	80	82880.7015738078	143889.66200415266	0.36548295053253105
160	90	160992.6713557402	76229.4066276435	0.6786580436540016
160	100	223117.79672862514	19847.52804985497	0.9183112731499828
160	110	237771.78673976412	7993.083671327292	0.9674767038187465
160	120	196552.37177341	50710.370877317364	0.7949130130415619
160	130	118245.60500747875	126900.847591057	0.4823467921076702
160	140	42880.64403716889	205317.24963888517	0.1727679610896955
160	150	5562.632887967241	247376.94943366759	0.021991943043907877
160	160	22605.8510795574	262588.4881432664	0.07926472573459929
160	170	88290.37244161637	197586.70419509316	0.30884033613445383
160	180	172863.5530354707	101317.46264691993	0.6304723636873336
170	-180	185470.31660690164	70118.15662586036	0.725659941784603
170	-170	220481.86942059622	31928.630452385267	0.8735051415513521
170	-160	207640.01819343737	48509.170042289	0.8106214180243762
170	-150	155773.14083315848	107517.40049367984	0.5916397150013375
170	-140	90398.46360727721	190068.39953185595	0.32231423917781193
170	-130	37347.2618279136	257064.23409474507	0.12685395218984472
170	-120	26184.033934200157	280675.1440602837	0.08532915360501565
170	-110	67139.70913924907	249162.20671092998	0.21226463000954682
170	-100	144621.48034878523	159617.07616283657	0.47535553023589483
170	-90	231245.19597151416	83768.9635944973	0.734078735667298
170	-80	288074.6578887253	37857.729139903146	0.883847906355566
170	-70	286937.7501215697	53668.06978432867	0.8424334915969552
170	-60	229487.83601406674	128394.83538665505	0.6412376299636728
170	-50	137373.3440932324	224317.19865039378	0.3798090573537763
170	-40	55607.24263836329	288654.64939424995	0.16152598915332578
170	-30	35903.033088235294	291257.73604388087	0.10974125407357965
170	-20	84924.19801101617	240307.7298785799	0.26111888387490884
170	-10	176000.17001507603	155369.19900367068	0.5311298703807444
170	0	244716.73030283168	70809.74288804404	0.7755822445832995
170	10	286263.60697382595	31748.476415360637	0.9001658173582464
170	20	264110.2567171199	43357.27276350924	0.858985848565057
170	30	190957.4758654908	94243.33836614795	0.6695544554455446
170	40	107685.1162525796	160437.87382148526	0.4016258218768679
170	50	40977.12063664315	206305.96673976607	0.16570935388827715
170	60	26245.886861601513	208523.9559524748	0.11179411523645602
170	70	64196.60594561845	175150.93535581796	0.26821502153961413
170	80	133887.94186922177	118360.32985552691	0.5307784309234802
170	90	197500.99232366975	61338.82427565296	0.7630240003971109
170	100	231102.4330638594	26384.221163444363	0.8975316944382177
170	110	215796.34368266148	36838.58382167446	0.8541825384732592
170	120	156617.30593951634	91314.20323401353	0.6316958520584741
170	130	87959.03972174118	160492.73768760494	0.3540286193115895
170	140	35705.37402815717	222357.01228921517	0.13835946624257633
170	150	24441.79525942488	241500.581963861	0.09190635774043446
170	160	60853.7463522492	216536.57607029888	0.2193794859921278
170	170	126005.20572790886	146005.62528571716	0.4632359868111164
170	180	197020.46910367426	76061.81444767595	0.7214692456115581
180	-180	208637.05796014616	87932.93721653285	0.7035002237358923
180	-170	226050.0646643784	77862.40227917016	0.7437999070514174
180	-160	211605.7877739113	115852.64611648468	0.6462065589818894
180	-150	164189.88345723625	183764.6461711633	0.4718716656241952
180	-140	105354.18064721907	248587.94020256677	0.2976593472239822
180	-130	73409.61554321519	283966.31427670154	0.20541287036372766
180	-120	88604.4700111083	286932.6731291376	0.23594062965435772
180	-110	140515.8659466453	229690.7529849472	0.3795606527840338
180	-100	220485.57547132653	159431.18747374226	0.5803523218142549
180	-90	263524.686680865	100875.19454456095	0.7231744582206455
180	-80	280669.50406529254	86840.68402977301	0.7637053696935621
180	-70	243520.32208634238	110696.2970990716	0.6874898265540503
180	-60	185527.99397834868	166433.59631977655	0.5271256838599894
180	-50	119364.67328990612	228422.50106497595	0.34321183209621864
180	-40	80101.71317398746	248689.5075460709	0.24362485408997037
180	-30	88147.27743101183	230659.95606110382	0.27649083261215207
180	-20	185737.63566105708	242203.80736942726	0.43402581985457783
180	-10	344961.8532393914	207161.88887694516	0.6247908338756158
180	0	421824.8239441882	134368.61673968864	0.758413877419206
180	10	368033.92630206194	93233.3776975492	0.7978755986189999
180	20	366196.5998337672	139082.02818662304	0.7247419137208976
180	30	206556.86397406278	161442.25042331722	0.5612971767943291
180	40	122686.8941058087	202482.83025755023	0.3773010982065261
180	50	65789.85167043126	188789.94277591008	0.25842526824845097
180	60	63728.78078809637	157796.95595641996	0.2876811594202899
180	70	98331.3878410704	124290.8228898323	0.4416962149384531
180	80	135575.7724376713	81624.70927551128	0.6241964629558313
180	90	162226.6219433804	50514.06225402739	0.7625557027580392
180	100	169358.9275157646	45447.6176596164	0.788425359094574
180	110	145193.14179065244	61866.24323116556	0.7012149764443343
180	120	106473.11480889215	97557.68748689246	0.5218482386524044
180	130	64733.67390976161	133454.3113972905	0.3266276399624826
180	140	44433.489422245875	157294.80924735247	0.22026403690154286
180	150	48649.65446058724	152719.3949988387	0.24159449821701479
180	160	75646.94001480998	127489.43719107509	0.37239484653277755
180	170	112673.87888881596	90560.85299619322	0.554402674403936
180	180	143844.25262582922	59749.799690033695	0.7065248271725749
