3.369373460725576946e-02
7.599569645963420716e-02
1.258877938666519702e-01
9.988709485729807547e-02
1.614308235933677727e-01
1.764811251623077670e-01
1.540826323915052976e-01
1.584762599597752952e-01
1.607473858624565433e-01
1.484009320844570934e-01
1.759012396027154201e-01
1.757829464339843717e-01
1.650331423199097869e-01
1.668752637497149527e-01
1.648301284818984858e-01
1.598206581273193261e-01
1.675166439927537609e-01
1.751736874437761216e-01
1.705358584284536461e-01
1.682466312142601172e-01
1.721125019372008458e-01
1.839930670325732598e-01
2.076699310894083161e-01
2.098870184842189235e-01
2.206960787428016713e-01
2.309700682514023162e-01
2.330180020328020407e-01
2.412317142970091532e-01
2.547598761757710051e-01
2.557239761047769844e-01
2.623863384412572497e-01
2.704306782738691850e-01
2.720781164847522193e-01
2.781400159220019930e-01
2.894981048071375018e-01
2.901520821705963482e-01
2.901536791868708498e-01
2.901546221850020424e-01
2.902933189715394824e-01
2.905570435665179585e-01
2.908254303466097368e-01
2.911140120219464222e-01
2.913713819476814182e-01
2.916348425757574470e-01
2.918941530344723034e-01
2.921635769453251874e-01
2.924187100928813399e-01
2.926898196413285080e-01
2.929273580516428832e-01
2.931753577830372159e-01
